-0.008924, 0.251489, 0.401183, 1.011906, 0.383100, 0.383036, 
-0.003665, 0.310696, 0.235922, 0.958075, 0.671089, 0.671018, 
0.009009, 0.507391, 0.167551, 0.992609, 0.411793, 0.411693, 
0.101692, 0.421828, 0.341279, 0.996661, 0.616663, 0.616612, 
0.156028, 0.327156, 0.314570, 0.757999, 0.383337, 0.383263, 
0.180587, 0.280555, 0.339129, 0.582181, 0.671089, 0.671018, 
0.259993, 0.484934, 0.499580, 0.995350, 0.303230, 0.303193, 
0.272816, 0.274345, 0.512403, 0.921724, 0.383337, 0.383285, 
0.332338, 0.232119, 0.510888, 0.571812, 0.644342, 0.644265, 
0.342342, 0.084486, 0.500884, 0.386112, 0.529678, 0.529628, 
0.508759, 0.075208, 0.687310, 0.414900, 0.500000, 0.499953, 
0.513502, 0.215527, 0.692052, 0.598090, 0.721280, 0.721212, 
0.513502, 0.351296, 0.692052, 0.733859, 0.411793, 0.411744, 
0.517720, 0.274345, 0.730458, 0.921724, 0.500000, 0.499933, 
0.608523, 0.228016, 1.018629, 0.988433, 0.383100, 0.383043, 
0.639145, 0.480091, 0.908969, 0.990507, 0.616663, 0.616598, 
0.675676, 0.339397, 0.834217, 0.770240, 0.303230, 0.303164, 
0.684559, 0.275712, 0.825334, 0.577338, 0.411793, 0.411731, 
0.737342, 0.447882, 1.007166, 1.022715, 0.500000, 0.499933, 
0.759993, 0.283701, 0.999580, 0.931080, 0.696770, 0.696687, 
0.832449, 0.240087, 0.990991, 0.622649, 0.303230, 0.303184, 
0.842342, 0.335117, 1.000884, 0.765960, 0.255466, 0.255387