-0.010088, 0.252045, 0.400018, 1.012462, 0.381356, 0.381291, 
-0.003541, 0.311300, 0.236046, 0.958679, 0.677266, 0.677195, 
0.009301, 0.508770, 0.167842, 0.993987, 0.408278, 0.408182, 
0.103109, 0.421378, 0.342696, 0.996211, 0.615567, 0.615515, 
0.155442, 0.326706, 0.313984, 0.757549, 0.381567, 0.381493, 
0.180195, 0.279972, 0.338737, 0.581598, 0.677266, 0.677195, 
0.259666, 0.484627, 0.499253, 0.995044, 0.305777, 0.305742, 
0.273229, 0.273762, 0.512816, 0.921141, 0.381567, 0.381517, 
0.332630, 0.231534, 0.511180, 0.571226, 0.649864, 0.649788, 
0.342634, 0.083900, 0.501176, 0.385526, 0.531429, 0.531379, 
0.508176, 0.075945, 0.686727, 0.415638, 0.508271, 0.508223, 
0.513319, 0.215221, 0.691870, 0.597783, 0.719015, 0.718947, 
0.513319, 0.350846, 0.691870, 0.733409, 0.408278, 0.408231, 
0.517278, 0.273762, 0.730016, 0.921141, 0.508271, 0.508205, 
0.607904, 0.228007, 1.018011, 0.988424, 0.381356, 0.381299, 
0.640065, 0.479505, 0.909889, 0.989921, 0.615567, 0.615502, 
0.675967, 0.340814, 0.834509, 0.771657, 0.305777, 0.305711, 
0.684851, 0.275320, 0.825626, 0.576946, 0.408278, 0.408216, 
0.737189, 0.447296, 1.007012, 1.022130, 0.508271, 0.508205, 
0.759666, 0.284621, 0.999253, 0.932000, 0.697516, 0.697435, 
0.833187, 0.239504, 0.991729, 0.622066, 0.305777, 0.305731, 
0.842634, 0.335541, 1.001176, 0.766385, 0.252765, 0.252687